            weight_2023 pitax_2023 total_income_2023     weight_2024 pitax_2024 total_income_2024     weight_2025 pitax_2025 total_income_2025     weight_2026 pitax_2026 total_income_2026     weight_2027 pitax_2027 total_income_2027 weight_ref_2027 pitax_ref_2027 total_income_ref_2027 weight_ref_2028 pitax_ref_2028 total_income_ref_2028 weight_ref_2029 pitax_ref_2029 total_income_ref_2029 weight_ref_2030 pitax_ref_2030 total_income_ref_2030 weight_ref_2031 pitax_ref_2031 total_income_ref_2031 weight_ref_2032 pitax_ref_2032 total_income_ref_2032
<0                  0.0          0                 0             0.0          0                 0             0.0          0                 0             0.0          0                 0             0.0          0                 0             0.0              0                     0             0.0              0                     0             0.0              0                     0             0.0              0                     0             0.0              0                     0             0.0              0                     0
=0                  0.0          0                 0             0.0          0                 0             0.0          0                 0             0.0          0                 0             0.0          0                 0             0.0              0                     0             0.0              0                     0             0.0              0                     0             0.0              0                     0             0.0              0                     0             0.0              0                     0
0-0.5 m  1019129.817673      9,888           266,344   803483.468566      7,611           210,261   733416.963464      7,660           196,409   662582.482484      7,508           180,560   588495.397785      6,938           161,163   588495.397785          6,938               161,163   517706.091857          6,329               141,614   458300.898943          5,948               125,833   399121.581287          5,271               108,595   340936.114768          4,235                89,970    297884.29055          3,590                77,115
0.5-1m    747803.048032     82,058           528,528   662718.007638     72,837           469,219   655535.174427     75,470           476,662   633263.873966     75,091           468,334   615758.541453     74,958           462,601   615758.541453         75,046               462,601   552965.219666         65,955               410,828   525566.550843         64,159               395,911   457532.923065         53,461               336,074   437701.075393         51,273               321,238   410053.943786         49,302               304,690
1-1.5m    265685.221538     66,071           317,525   296630.682867     73,839           354,421   327236.780357     84,284           400,616   347509.084782     90,011           427,954   349248.324271     90,293           429,778   349248.324271         91,752               429,778   388731.319409         99,171               468,802    392887.42416        102,673               481,602   428372.427228        111,652               524,072   416175.163284        112,205               521,458   352546.103041         94,718               441,466
1.5-2m    105164.795449     41,519           180,700   110735.345346     44,063           191,242   120843.263152     48,181           209,039   152465.799303     60,094           260,390    196172.66177     77,275           333,817    196172.66177         82,236               333,817   242352.858315        103,448               417,894   248891.947041        107,485               433,487   249050.059721        106,898               432,763   248711.246834        106,732               431,837   294925.324667        124,473               505,723
2-3m       97602.585464     58,184           238,862    95046.049909     56,499           231,125   110797.461042     65,760           268,064    128325.38108     76,113           309,246   149912.279509     89,365           362,461   149912.279509         98,221               362,461   166684.646809        109,982               405,218   207353.487053        135,175               498,266   256255.480459        166,019               611,946   300798.081381        197,262               725,456   338801.593578        227,603               832,970
3-4m        50079.19846     44,007           171,832    52274.311012     46,026           179,924    56632.574119     50,276           196,304    60507.464174     53,722           209,447    63953.191238     56,983           221,264    63953.191238         63,703               221,264    73533.690316         73,015               252,808    84313.587015         83,728               289,034   103337.930639        103,390               355,686    114360.64324        114,087               392,889   129505.579305        129,911               446,945
4-5m       24589.543145     28,933           109,605    26682.644254     31,263           118,513    32217.717457     37,812           143,302    38516.249033     45,220           171,356    43572.466688     51,351           194,660    43572.466688         57,949               194,660    45609.861518         60,819               204,065    49042.036066         65,268               218,417    51194.627277         68,691               229,128    62777.510519         83,706               278,063    73262.640006         98,445               326,530
5-10m      37875.705868     71,188           257,055    40515.245068     75,746           273,589    47754.547094     89,333           322,573    56981.551393    106,396           384,065    68252.726779    127,647           460,452    68252.726779        145,253               460,452    81808.630401        173,910               551,078    96131.380525        205,620               650,814   108887.685734        235,331               743,556    122442.45998        267,996               844,769   135211.188327        300,411               943,581
>10m       19807.538776    141,343           452,623    21192.746103    153,056           489,083    24844.019652    182,311           581,321    29126.614548    216,952           690,309     33912.91127    257,252           816,647     33912.91127        292,283               816,647    39886.182474        347,574               969,249    46791.189118        412,670             1,148,563    55525.785354        491,854             1,366,717    65376.205365        584,341             1,620,798    77087.837504        694,132             1,922,371
ALL      2367737.454404    543,191         2,523,073  2109278.500763    560,941         2,517,377  2109278.500763    641,087         2,794,288  2109278.500763    731,107         3,101,660  2109278.500763    832,061         3,442,843  2109278.500763        913,381             3,442,843  2109278.500763      1,040,202             3,821,555  2109278.500763      1,182,727             4,241,927  2109278.500763      1,342,567             4,708,538  2109278.500763      1,521,837             5,226,478  2109278.500763      1,722,585             5,801,390

