        weight_2023    pitax_2023 total_income_2023     weight_2024    pitax_2024 total_income_2024 weight_ref_2024 pitax_ref_2024 total_income_ref_2024 weight_ref_2025 pitax_ref_2025 total_income_ref_2025 weight_ref_2026 pitax_ref_2026 total_income_ref_2026 weight_ref_2027 pitax_ref_2027 total_income_ref_2027 weight_ref_2028 pitax_ref_2028 total_income_ref_2028 weight_ref_2029 pitax_ref_2029 total_income_ref_2029 weight_ref_2030  pitax_ref_2030 total_income_ref_2030 weight_ref_2031  pitax_ref_2031 total_income_ref_2031 weight_ref_2032  pitax_ref_2032 total_income_ref_2032     ETR ETR_ref
0       23,627.0552        0.0000            0.0000     20,962.0703        0.0000            0.0000     20,962.0703         0.0000                0.0000     20,962.0703         0.0000                0.0000     20,962.0703         0.0000                0.0000     20,962.0703         0.0000                0.0000     20,962.0703         0.0000                0.0000     20,962.0703         0.0000                0.0000     20,962.0703          0.0000                0.0000     20,962.0703          0.0000                0.0000     20,962.0703          0.0000                0.0000     nan     nan
1       23,627.0552        0.0000            0.0000     20,962.0703        0.0000            0.0000     20,962.0703         0.0000                0.0000     20,962.0703         0.0000                0.0000     20,962.0703         0.0000                0.0000     20,962.0703         0.0000                0.0000     20,962.0703         0.0000                0.0000     20,962.0703         0.0000                0.0000     20,962.0703          0.0000                0.0000     20,962.0703          0.0000                0.0000     20,962.0703          0.0000                0.0000     nan     nan
2       23,627.0552        0.0000           15.0000     20,962.0703        0.0000           15.0000     20,962.0703         0.0000               15.0000     20,962.0703         0.0000               17.0000     20,962.0703         0.0000               19.0000     20,962.0703         0.0000               21.0000     20,962.0703         0.0000               23.0000     20,962.0703         0.0000               25.0000     20,962.0703          0.0000               28.0000     20,962.0703          0.0000               31.0000     20,962.0703          0.0000               34.0000  0.0000  0.0000
3       23,627.0552        0.0000          383.0000     20,962.0703        0.0000          382.0000     20,962.0703         0.0000              382.0000     20,962.0703         0.0000              423.0000     20,962.0703         0.0000              469.0000     20,962.0703         0.0000              519.0000     20,962.0703         0.0000              574.0000     20,962.0703         0.0000              634.0000     20,962.0703          0.0000              701.0000     20,962.0703          0.0000              775.0000     20,962.0703          0.0000              857.0000  0.0000  0.0000
4       23,627.0552        0.0000          866.0000     20,962.0703        0.0000          863.0000     20,962.0703         0.0000              863.0000     20,962.0703         0.0000              957.0000     20,962.0703         0.0000            1,062.0000     20,962.0703         0.0000            1,174.0000     20,962.0703         0.0000            1,298.0000     20,962.0703         0.0000            1,435.0000     20,962.0703          0.0000            1,586.0000     20,962.0703          0.0000            1,753.0000     20,962.0703          0.0000            1,938.0000  0.0000  0.0000
5       23,627.0552        0.0000        1,309.0000     20,962.0703        0.0000        1,305.0000     20,962.0703         0.0000            1,305.0000     20,962.0703         0.0000            1,446.0000     20,962.0703         0.0000            1,605.0000     20,962.0703         0.0000            1,776.0000     20,962.0703         0.0000            1,963.0000     20,962.0703         0.0000            2,169.0000     20,962.0703          0.0000            2,398.0000     20,962.0703          0.0000            2,651.0000     20,962.0703          0.0000            2,930.0000  0.0000  0.0000
6       23,627.0552        0.0000        1,696.0000     20,962.0703        0.0000        1,691.0000     20,962.0703         0.0000            1,691.0000     20,962.0703         0.0000            1,874.0000     20,962.0703         0.0000            2,080.0000     20,962.0703         0.0000            2,301.0000     20,962.0703         0.0000            2,543.0000     20,962.0703         0.0000            2,811.0000     20,962.0703          0.0000            3,107.0000     20,962.0703          0.0000            3,434.0000     20,962.0703          0.0000            3,796.0000  0.0000  0.0000
7       23,627.0552        0.0000        2,068.0000     20,962.0703        0.0000        2,061.0000     20,962.0703         0.0000            2,061.0000     20,962.0703         0.0000            2,285.0000     20,962.0703         0.0000            2,535.0000     20,962.0703         0.0000            2,805.0000     20,962.0703         0.0000            3,100.0000     20,962.0703         0.0000            3,427.0000     20,962.0703          0.0000            3,788.0000     20,962.0703          3.0000            4,187.0000     20,962.0703          9.0000            4,628.0000  0.0000  0.0000
8       23,627.0552        0.0000        2,427.0000     20,962.0703        0.0000        2,419.0000     20,962.0703         0.0000            2,419.0000     20,962.0703         0.0000            2,681.0000     20,962.0703         0.0000            2,975.0000     20,962.0703         0.0000            3,291.0000     20,962.0703         0.0000            3,638.0000     20,962.0703         1.0000            4,021.0000     20,962.0703          5.0000            4,445.0000     20,962.0703         10.0000            4,913.0000     20,962.0703         17.0000            5,431.0000  0.0000  0.0000
9       23,627.0552        0.0000        2,793.0000     20,962.0703        0.0000        2,784.0000     20,962.0703         0.0000            2,784.0000     20,962.0703         0.0000            3,085.0000     20,962.0703         0.0000            3,424.0000     20,962.0703         0.0000            3,787.0000     20,962.0703         2.0000            4,186.0000     20,962.0703         6.0000            4,628.0000     20,962.0703         11.0000            5,115.0000     20,962.0703         17.0000            5,654.0000     20,962.0703         23.0000            6,250.0000  0.0000  0.0000
10      23,627.0552        0.0000        3,138.0000     20,962.0703        0.0000        3,128.0000     20,962.0703         0.0000            3,128.0000     20,962.0703         0.0000            3,467.0000     20,962.0703         0.0000            3,847.0000     20,962.0703         2.0000            4,256.0000     20,962.0703         6.0000            4,704.0000     20,962.0703        10.0000            5,200.0000     20,962.0703         15.0000            5,747.0000     20,962.0703         20.0000            6,353.0000     20,962.0703         26.0000            7,022.0000  0.0000  0.0000
11      23,627.0552        0.0000        3,446.0000     20,962.0703        0.0000        3,435.0000     20,962.0703         0.0000            3,435.0000     20,962.0703         0.0000            3,807.0000     20,962.0703         1.0000            4,225.0000     20,962.0703         5.0000            4,673.0000     20,962.0703         9.0000            5,166.0000     20,962.0703        14.0000            5,710.0000     20,962.0703         19.0000            6,311.0000     20,962.0703         24.0000            6,976.0000     20,962.0703         30.0000            7,712.0000  0.0000  0.0000
12      23,627.0552        0.0000        3,747.0000     20,962.0703        0.0000        3,735.0000     20,962.0703         0.0000            3,735.0000     20,962.0703         1.0000            4,140.0000     20,962.0703         3.0000            4,594.0000     20,962.0703         5.0000            5,082.0000     20,962.0703         8.0000            5,617.0000     20,962.0703        11.0000            6,209.0000     20,962.0703         14.0000            6,863.0000     20,962.0703         18.0000            7,587.0000     20,962.0703         22.0000            8,386.0000  0.0000  0.0000
13      23,627.0552        0.0000        4,051.0000     20,962.0703        0.0000        4,039.0000     20,962.0703         0.0000            4,039.0000     20,962.0703         3.0000            4,476.0000     20,962.0703         6.0000            4,967.0000     20,962.0703        10.0000            5,495.0000     20,962.0703        14.0000            6,074.0000     20,962.0703        18.0000            6,713.0000     20,962.0703         22.0000            7,421.0000     20,962.0703         27.0000            8,203.0000     20,962.0703         33.0000            9,067.0000  0.0000  0.0000
14      23,627.0552        0.0000        4,336.0000     20,962.0703        2.0000        4,322.0000     20,962.0703         2.0000            4,322.0000     20,962.0703         4.0000            4,791.0000     20,962.0703         7.0000            5,316.0000     20,962.0703        10.0000            5,881.0000     20,962.0703        13.0000            6,501.0000     20,962.0703        17.0000            7,185.0000     20,962.0703         21.0000            7,942.0000     20,962.0703         26.0000            8,779.0000     20,962.0703         31.0000            9,704.0000  0.0005  0.0005
15      23,627.0552        0.0000        4,612.0000     20,962.0703        2.0000        4,597.0000     20,962.0703         2.0000            4,597.0000     20,962.0703         4.0000            5,095.0000     20,962.0703         6.0000            5,654.0000     20,962.0703         9.0000            6,255.0000     20,962.0703        11.0000            6,914.0000     20,962.0703        14.0000            7,642.0000     20,962.0703         17.0000            8,447.0000     20,962.0703         21.0000            9,337.0000     20,962.0703         25.0000           10,321.0000  0.0004  0.0004
16      23,627.0552        1.0000        4,895.0000     20,962.0703        3.0000        4,879.0000     20,962.0703         3.0000            4,879.0000     20,962.0703         5.0000            5,408.0000     20,962.0703         7.0000            6,001.0000     20,962.0703         9.0000            6,638.0000     20,962.0703        11.0000            7,338.0000     20,962.0703        14.0000            8,111.0000     20,962.0703         17.0000            8,965.0000     20,962.0703         20.0000            9,910.0000     20,962.0703         43.0000           10,954.0000  0.0006  0.0006
17      23,627.0552        2.0000        5,167.0000     20,962.0703        4.0000        5,151.0000     20,962.0703         4.0000            5,151.0000     20,962.0703         5.0000            5,709.0000     20,962.0703        27.0000            6,335.0000     20,962.0703         9.0000            7,008.0000     20,962.0703        12.0000            7,747.0000     20,962.0703        14.0000            8,563.0000     20,962.0703         17.0000            9,465.0000     20,962.0703         20.0000           10,462.0000     20,962.0703        107.0000           11,565.0000  0.0008  0.0008
18      23,627.0552        2.0000        5,437.0000     20,962.0703        4.0000        5,420.0000     20,962.0703         4.0000            5,420.0000     20,962.0703         6.0000            6,007.0000     20,962.0703        79.0000            6,666.0000     20,962.0703         9.0000            7,374.0000     20,962.0703        11.0000            8,151.0000     20,962.0703        13.0000            9,010.0000     20,962.0703         16.0000            9,959.0000     20,962.0703         40.0000           11,008.0000     20,962.0703        203.0000           12,168.0000  0.0007  0.0007
19      23,627.0552        4.0000        5,706.0000     20,962.0703        5.0000        5,688.0000     20,962.0703         5.0000            5,688.0000     20,962.0703        24.0000            6,304.0000     20,962.0703       147.0000            6,996.0000     20,962.0703        12.0000            7,739.0000     20,962.0703        15.0000            8,554.0000     20,962.0703        18.0000            9,455.0000     20,962.0703         21.0000           10,451.0000     20,962.0703        109.0000           11,553.0000     20,962.0703        314.0000           12,770.0000  0.0009  0.0009
20      23,627.0552        3.0000        5,968.0000     20,962.0703        3.0000        5,949.0000     20,962.0703         3.0000            5,949.0000     20,962.0703        63.0000            6,594.0000     20,962.0703       214.0000            7,317.0000     20,962.0703         7.0000            8,094.0000     20,962.0703         9.0000            8,947.0000     20,962.0703        11.0000            9,889.0000     20,962.0703         27.0000           10,931.0000     20,962.0703        183.0000           12,083.0000     20,962.0703        420.0000           13,356.0000  0.0005  0.0005
21      23,627.0552        5.0000        6,231.0000     20,962.0703       13.0000        6,211.0000     20,962.0703        13.0000            6,211.0000     20,962.0703       123.0000            6,884.0000     20,962.0703       291.0000            7,639.0000     20,962.0703        13.0000            8,451.0000     20,962.0703        15.0000            9,341.0000     20,962.0703        18.0000           10,325.0000     20,962.0703         85.0000           11,413.0000     20,962.0703        285.0000           12,615.0000     20,962.0703        560.0000           13,944.0000  0.0021  0.0021
22      23,627.0552        3.0000        6,491.0000     20,962.0703       40.0000        6,471.0000     20,962.0703        40.0000            6,471.0000     20,962.0703       180.0000            7,172.0000     20,962.0703       356.0000            7,959.0000     20,962.0703         6.0000            8,804.0000     20,962.0703         8.0000            9,732.0000     20,962.0703        13.0000           10,757.0000     20,962.0703        146.0000           11,890.0000     20,962.0703        372.0000           13,143.0000     20,962.0703        673.0000           14,528.0000  0.0062  0.0062
23      23,627.0552        5.0000        6,752.0000     20,962.0703       89.0000        6,731.0000     20,962.0703        89.0000            6,731.0000     20,962.0703       246.0000            7,460.0000     20,962.0703       433.0000            8,278.0000     20,962.0703        11.0000            9,157.0000     20,962.0703        14.0000           10,122.0000     20,962.0703        52.0000           11,188.0000     20,962.0703        233.0000           12,367.0000     20,962.0703        490.0000           13,670.0000     20,962.0703        812.0000           15,111.0000  0.0132  0.0132
24      23,627.0552       10.0000        7,009.0000     20,962.0703      136.0000        6,987.0000     20,962.0703       136.0000            6,987.0000     20,962.0703       303.0000            7,744.0000     20,962.0703       501.0000            8,593.0000     20,962.0703         6.0000            9,506.0000     20,962.0703         7.0000           10,507.0000     20,962.0703        96.0000           11,614.0000     20,962.0703        304.0000           12,838.0000     20,962.0703        588.0000           14,191.0000     20,962.0703        926.0000           15,686.0000  0.0195  0.0195
25      23,627.0552       38.0000        7,256.0000     20,962.0703      191.0000        7,233.0000     20,962.0703       191.0000            7,233.0000     20,962.0703       367.0000            8,017.0000     20,962.0703       583.0000            8,896.0000     20,962.0703        10.0000            9,841.0000     20,962.0703        21.0000           10,878.0000     20,962.0703       166.0000           12,024.0000     20,962.0703        399.0000           13,290.0000     20,962.0703        706.0000           14,691.0000     20,962.0703      1,060.0000           16,239.0000  0.0264  0.0264
26      23,627.0552       77.0000        7,498.0000     20,962.0703      246.0000        7,475.0000     20,962.0703       246.0000            7,475.0000     20,962.0703       429.0000            8,285.0000     20,962.0703       663.0000            9,193.0000     20,962.0703        10.0000           10,170.0000     20,962.0703        50.0000           11,241.0000     20,962.0703       236.0000           12,426.0000     20,962.0703        495.0000           13,735.0000     20,962.0703        819.0000           15,182.0000     20,962.0703      1,187.0000           16,781.0000  0.0329  0.0329
27      23,627.0552      128.0000        7,753.0000     20,962.0703      304.0000        7,728.0000     20,962.0703       304.0000            7,728.0000     20,962.0703       501.0000            8,565.0000     20,962.0703       753.0000            9,505.0000     20,962.0703         6.0000           10,515.0000     20,962.0703        96.0000           11,622.0000     20,962.0703       309.0000           12,847.0000     20,962.0703        597.0000           14,200.0000     20,962.0703        939.0000           15,697.0000     20,962.0703      1,325.0000           17,350.0000  0.0393  0.0393
28      23,627.0552      189.0000        8,016.0000     20,962.0703      366.0000        7,991.0000     20,962.0703       366.0000            7,991.0000     20,962.0703       578.0000            8,857.0000     20,962.0703       842.0000            9,828.0000     20,962.0703        25.0000           10,872.0000     20,962.0703       173.0000           12,017.0000     20,962.0703       408.0000           13,283.0000     20,962.0703        717.0000           14,683.0000     20,962.0703      1,071.0000           16,230.0000     20,962.0703      1,471.0000           17,940.0000  0.0458  0.0458
29      23,627.0552      241.0000        8,272.0000     20,962.0703      420.0000        8,246.0000     20,962.0703       420.0000            8,246.0000     20,962.0703       649.0000            9,139.0000     20,962.0703       924.0000           10,141.0000     20,962.0703        46.0000           11,219.0000     20,962.0703       230.0000           12,401.0000     20,962.0703       489.0000           13,707.0000     20,962.0703        814.0000           15,151.0000     20,962.0703      1,182.0000           16,748.0000     20,962.0703      1,604.0000           18,512.0000  0.0509  0.0509
30      23,627.0552      298.0000        8,539.0000     20,962.0703      479.0000        8,512.0000     20,962.0703       479.0000            8,512.0000     20,962.0703       721.0000            9,435.0000     20,962.0703     1,003.0000           10,469.0000     20,962.0703        94.0000           11,582.0000     20,962.0703       301.0000           12,802.0000     20,962.0703       581.0000           14,150.0000     20,962.0703        917.0000           15,641.0000     20,962.0703      1,297.0000           17,289.0000     20,962.0703      1,750.0000           19,111.0000  0.0563  0.0563
31      23,627.0552      354.0000        8,796.0000     20,962.0703      545.0000        8,768.0000     20,962.0703       545.0000            8,768.0000     20,962.0703       802.0000            9,718.0000     20,962.0703     1,096.0000           10,783.0000     20,962.0703       137.0000           11,929.0000     20,962.0703       366.0000           13,186.0000     20,962.0703       671.0000           14,575.0000     20,962.0703      1,022.0000           16,110.0000     20,962.0703      1,418.0000           17,808.0000     20,962.0703      1,905.0000           19,684.0000  0.0622  0.0622
32      23,627.0552      414.0000        9,055.0000     20,962.0703      614.0000        9,026.0000     20,962.0703       614.0000            9,026.0000     20,962.0703       881.0000           10,004.0000     20,962.0703     1,184.0000           11,102.0000     20,962.0703       204.0000           12,281.0000     20,962.0703       453.0000           13,575.0000     20,962.0703       772.0000           15,005.0000     20,962.0703      1,137.0000           16,585.0000     20,962.0703      1,550.0000           18,333.0000     20,962.0703      2,069.0000           20,265.0000  0.0680  0.0680
33      23,627.0552      476.0000        9,308.0000     20,962.0703      685.0000        9,279.0000     20,962.0703       685.0000            9,279.0000     20,962.0703       961.0000           10,284.0000     20,962.0703     1,272.0000           11,412.0000     20,962.0703       273.0000           12,624.0000     20,962.0703       544.0000           13,954.0000     20,962.0703       878.0000           15,424.0000     20,962.0703      1,253.0000           17,049.0000     20,962.0703      1,689.0000           18,845.0000     20,962.0703      2,230.0000           20,831.0000  0.0738  0.0738
34      23,627.0552      542.0000        9,560.0000     20,962.0703      763.0000        9,530.0000     20,962.0703       763.0000            9,530.0000     20,962.0703     1,050.0000           10,562.0000     20,962.0703     1,373.0000           11,721.0000     20,962.0703       335.0000           12,966.0000     20,962.0703       631.0000           14,332.0000     20,962.0703       978.0000           15,842.0000     20,962.0703      1,369.0000           17,510.0000     20,962.0703      1,841.0000           19,356.0000     20,962.0703      2,409.0000           21,395.0000  0.0801  0.0801
35      23,627.0552      594.0000        9,824.0000     20,962.0703      816.0000        9,793.0000     20,962.0703       816.0000            9,793.0000     20,962.0703     1,106.0000           10,854.0000     20,962.0703     1,435.0000           12,044.0000     20,962.0703       401.0000           13,323.0000     20,962.0703       707.0000           14,727.0000     20,962.0703     1,060.0000           16,279.0000     20,962.0703      1,459.0000           17,994.0000     20,962.0703      1,958.0000           19,890.0000     20,962.0703      2,541.0000           21,985.0000  0.0833  0.0833
36      23,627.0552      669.0000       10,089.0000     20,962.0703      897.0000       10,057.0000     20,962.0703       897.0000           10,057.0000     20,962.0703     1,199.0000           11,147.0000     20,962.0703     1,540.0000           12,370.0000     20,962.0703       474.0000           13,684.0000     20,962.0703       799.0000           15,125.0000     20,962.0703     1,168.0000           16,719.0000     20,962.0703      1,587.0000           18,480.0000     20,962.0703      2,115.0000           20,428.0000     20,962.0703      2,716.0000           22,580.0000  0.0892  0.0892
37      23,627.0552      738.0000       10,340.0000     20,962.0703      968.0000       10,307.0000     20,962.0703       968.0000           10,307.0000     20,962.0703     1,277.0000           11,424.0000     20,962.0703     1,627.0000           12,677.0000     20,962.0703       548.0000           14,023.0000     20,962.0703       885.0000           15,501.0000     20,962.0703     1,265.0000           17,134.0000     20,962.0703      1,707.0000           18,939.0000     20,962.0703      2,255.0000           20,935.0000     20,962.0703      2,872.0000           23,140.0000  0.0939  0.0939
38      23,627.0552      805.0000       10,595.0000     20,962.0703    1,033.0000       10,561.0000     20,962.0703     1,033.0000           10,561.0000     20,962.0703     1,350.0000           11,705.0000     20,962.0703     1,706.0000           12,989.0000     20,962.0703       626.0000           14,369.0000     20,962.0703       971.0000           15,883.0000     20,962.0703     1,359.0000           17,556.0000     20,962.0703      1,827.0000           19,405.0000     20,962.0703      2,392.0000           21,450.0000     20,962.0703      3,022.0000           23,710.0000  0.0978  0.0978
39      23,627.0552      876.0000       10,862.0000     20,962.0703    1,105.0000       10,828.0000     20,962.0703     1,105.0000           10,828.0000     20,962.0703     1,431.0000           12,001.0000     20,962.0703     1,797.0000           13,317.0000     20,962.0703       703.0000           14,732.0000     20,962.0703     1,059.0000           16,284.0000     20,962.0703     1,459.0000           17,999.0000     20,962.0703      1,957.0000           19,895.0000     20,962.0703      2,539.0000           21,992.0000     20,962.0703      3,188.0000           24,309.0000  0.1021  0.1021
40      23,627.0552      958.0000       11,126.0000     20,962.0703    1,187.0000       11,091.0000     20,962.0703     1,187.0000           11,091.0000     20,962.0703     1,522.0000           12,293.0000     20,962.0703     1,898.0000           13,641.0000     20,962.0703       798.0000           15,090.0000     20,962.0703     1,166.0000           16,680.0000     20,962.0703     1,583.0000           18,437.0000     20,962.0703      2,108.0000           20,379.0000     20,962.0703      2,707.0000           22,527.0000     20,962.0703      3,373.0000           24,900.0000  0.1070  0.1070
41      23,627.0552    1,023.0000       11,396.0000     20,962.0703    1,251.0000       11,360.0000     20,962.0703     1,251.0000           11,360.0000     20,962.0703     1,594.0000           12,591.0000     20,962.0703     1,980.0000           13,972.0000     20,962.0703       872.0000           15,456.0000     20,962.0703     1,249.0000           17,084.0000     20,962.0703     1,688.0000           18,884.0000     20,962.0703      2,235.0000           20,873.0000     20,962.0703      2,850.0000           23,073.0000     20,962.0703      3,533.0000           25,504.0000  0.1101  0.1101
42      23,627.0552    1,106.0000       11,656.0000     20,962.0703    1,336.0000       11,619.0000     20,962.0703     1,336.0000           11,619.0000     20,962.0703     1,688.0000           12,878.0000     20,962.0703     2,083.0000           14,290.0000     20,962.0703       961.0000           15,808.0000     20,962.0703     1,349.0000           17,474.0000     20,962.0703     1,812.0000           19,315.0000     20,962.0703      2,376.0000           21,350.0000     20,962.0703      3,006.0000           23,599.0000     20,962.0703      3,704.0000           26,086.0000  0.1150  0.1150
43      23,627.0552    1,185.0000       11,916.0000     20,962.0703    1,417.0000       11,879.0000     20,962.0703     1,417.0000           11,879.0000     20,962.0703     1,778.0000           13,165.0000     20,962.0703     2,184.0000           14,610.0000     20,962.0703     1,048.0000           16,161.0000     20,962.0703     1,447.0000           17,864.0000     20,962.0703     1,940.0000           19,746.0000     20,962.0703      2,523.0000           21,826.0000     20,962.0703      3,170.0000           24,126.0000     20,962.0703      3,887.0000           26,668.0000  0.1193  0.1193
44      23,627.0552    1,240.0000       12,185.0000     20,962.0703    1,470.0000       12,146.0000     20,962.0703     1,470.0000           12,146.0000     20,962.0703     1,836.0000           13,462.0000     20,962.0703     2,249.0000           14,939.0000     20,962.0703     1,117.0000           16,526.0000     20,962.0703     1,526.0000           18,267.0000     20,962.0703     2,041.0000           20,191.0000     20,962.0703      2,634.0000           22,318.0000     20,962.0703      3,294.0000           24,670.0000     20,962.0703      4,024.0000           27,269.0000  0.1210  0.1210
45      23,627.0552    1,329.0000       12,457.0000     20,962.0703    1,560.0000       12,418.0000     20,962.0703     1,560.0000           12,418.0000     20,962.0703     1,936.0000           13,763.0000     20,962.0703     2,358.0000           15,273.0000     20,962.0703     1,212.0000           16,895.0000     20,962.0703     1,641.0000           18,675.0000     20,962.0703     2,179.0000           20,642.0000     20,962.0703      2,787.0000           22,817.0000     20,962.0703      3,462.0000           25,221.0000     20,962.0703      4,209.0000           27,878.0000  0.1256  0.1256
46      23,627.0552    1,397.0000       12,727.0000     20,962.0703    1,627.0000       12,687.0000     20,962.0703     1,627.0000           12,687.0000     20,962.0703     2,009.0000           14,061.0000     20,962.0703     2,439.0000           15,604.0000     20,962.0703     1,296.0000           17,261.0000     20,962.0703     1,744.0000           19,080.0000     20,962.0703     2,299.0000           21,090.0000     20,962.0703      2,918.0000           23,312.0000     20,962.0703      3,605.0000           25,768.0000     20,962.0703      4,364.0000           28,483.0000  0.1282  0.1282
47      23,627.0552    1,493.0000       13,003.0000     20,962.0703    1,724.0000       12,962.0000     20,962.0703     1,724.0000           12,962.0000     20,962.0703     2,118.0000           14,366.0000     20,962.0703     2,561.0000           15,942.0000     20,962.0703     1,401.0000           17,635.0000     20,962.0703     1,880.0000           19,493.0000     20,962.0703     2,454.0000           21,547.0000     20,962.0703      3,093.0000           23,817.0000     20,962.0703      3,801.0000           26,327.0000     20,962.0703      4,584.0000           29,101.0000  0.1330  0.1330
48      23,627.0552    1,546.0000       13,276.0000     20,962.0703    1,775.0000       13,234.0000     20,962.0703     1,775.0000           13,234.0000     20,962.0703     2,174.0000           14,668.0000     20,962.0703     2,621.0000           16,277.0000     20,962.0703     1,463.0000           18,005.0000     20,962.0703     1,961.0000           19,902.0000     20,962.0703     2,542.0000           21,999.0000     20,962.0703      3,188.0000           24,317.0000     20,962.0703      3,905.0000           26,879.0000     20,962.0703      4,697.0000           29,711.0000  0.1341  0.1341
49      23,627.0552    1,634.0000       13,554.0000     20,962.0703    1,865.0000       13,512.0000     20,962.0703     1,865.0000           13,512.0000     20,962.0703     2,274.0000           14,975.0000     20,962.0703     2,735.0000           16,618.0000     20,962.0703     1,570.0000           18,383.0000     20,962.0703     2,094.0000           20,320.0000     20,962.0703     2,692.0000           22,461.0000     20,962.0703      3,358.0000           24,827.0000     20,962.0703      4,095.0000           27,443.0000     20,962.0703      4,910.0000           30,334.0000  0.1380  0.1380
50      23,627.0552    1,722.0000       13,843.0000     20,962.0703    1,951.0000       13,799.0000     20,962.0703     1,951.0000           13,799.0000     20,962.0703     2,369.0000           15,294.0000     20,962.0703     2,838.0000           16,972.0000     20,962.0703     1,679.0000           18,774.0000     20,962.0703     2,224.0000           20,752.0000     20,962.0703     2,834.0000           22,939.0000     20,962.0703      3,512.0000           25,355.0000     20,962.0703      4,262.0000           28,027.0000     20,962.0703      5,092.0000           30,980.0000  0.1414  0.1414
51      23,627.0552    1,811.0000       14,148.0000     20,962.0703    2,041.0000       14,103.0000     20,962.0703     2,041.0000           14,103.0000     20,962.0703     2,470.0000           15,631.0000     20,962.0703     2,951.0000           17,346.0000     20,962.0703     1,788.0000           19,188.0000     20,962.0703     2,351.0000           21,210.0000     20,962.0703     2,977.0000           23,444.0000     20,962.0703      3,672.0000           25,914.0000     20,962.0703      4,440.0000           28,645.0000     20,962.0703      5,290.0000           31,662.0000  0.1447  0.1447
52      23,627.0552    1,883.0000       14,448.0000     20,962.0703    2,113.0000       14,402.0000     20,962.0703     2,113.0000           14,402.0000     20,962.0703     2,549.0000           15,962.0000     20,962.0703     3,039.0000           17,713.0000     20,962.0703     1,892.0000           19,595.0000     20,962.0703     2,465.0000           21,659.0000     20,962.0703     3,103.0000           23,941.0000     20,962.0703      3,809.0000           26,463.0000     20,962.0703      4,591.0000           29,251.0000     20,962.0703      5,456.0000           32,333.0000  0.1467  0.1467
53      23,627.0552    1,976.0000       14,755.0000     20,962.0703    2,205.0000       14,709.0000     20,962.0703     2,205.0000           14,709.0000     20,962.0703     2,651.0000           16,302.0000     20,962.0703     3,152.0000           18,090.0000     20,962.0703     2,013.0000           20,012.0000     20,962.0703     2,601.0000           22,120.0000     20,962.0703     3,254.0000           24,451.0000     20,962.0703      3,976.0000           27,027.0000     20,962.0703      4,775.0000           29,874.0000     20,962.0703      5,659.0000           33,022.0000  0.1499  0.1499
54      23,627.0552    2,059.0000       15,067.0000     20,962.0703    2,287.0000       15,019.0000     20,962.0703     2,287.0000           15,019.0000     20,962.0703     2,741.0000           16,646.0000     20,962.0703     3,250.0000           18,472.0000     20,962.0703     2,126.0000           20,434.0000     20,962.0703     2,724.0000           22,587.0000     20,962.0703     3,390.0000           24,966.0000     20,962.0703      4,127.0000           27,597.0000     20,962.0703      4,942.0000           30,505.0000     20,962.0703      5,844.0000           33,718.0000  0.1523  0.1523
55      23,627.0552    2,148.0000       15,381.0000     20,962.0703    2,377.0000       15,333.0000     20,962.0703     2,377.0000           15,333.0000     20,962.0703     2,841.0000           16,994.0000     20,962.0703     3,362.0000           18,858.0000     20,962.0703     2,246.0000           20,861.0000     20,962.0703     2,859.0000           23,059.0000     20,962.0703     3,540.0000           25,488.0000     20,962.0703      4,293.0000           28,173.0000     20,962.0703      5,126.0000           31,142.0000     20,962.0703      6,047.0000           34,423.0000  0.1550  0.1550
56      23,627.0552    2,255.0000       15,722.0000     20,962.0703    2,484.0000       15,672.0000     20,962.0703     2,484.0000           15,672.0000     20,962.0703     2,961.0000           17,370.0000     20,962.0703     3,496.0000           19,275.0000     20,962.0703     2,389.0000           21,323.0000     20,962.0703     3,019.0000           23,569.0000     20,962.0703     3,717.0000           26,052.0000     20,962.0703      4,489.0000           28,797.0000     20,962.0703      5,343.0000           31,831.0000     20,962.0703      6,288.0000           35,185.0000  0.1585  0.1585
57      23,627.0552    2,351.0000       16,057.0000     20,962.0703    2,580.0000       16,006.0000     20,962.0703     2,580.0000           16,006.0000     20,962.0703     3,068.0000           17,740.0000     20,962.0703     3,615.0000           19,686.0000     20,962.0703     2,518.0000           21,777.0000     20,962.0703     3,163.0000           24,071.0000     20,962.0703     3,879.0000           26,607.0000     20,962.0703      4,671.0000           29,410.0000     20,962.0703      5,547.0000           32,509.0000     20,962.0703      6,517.0000           35,934.0000  0.1612  0.1612
58      23,627.0552    2,430.0000       16,386.0000     20,962.0703    2,660.0000       16,334.0000     20,962.0703     2,660.0000           16,334.0000     20,962.0703     3,157.0000           18,104.0000     20,962.0703     3,715.0000           20,090.0000     20,962.0703     2,630.0000           22,224.0000     20,962.0703     3,288.0000           24,565.0000     20,962.0703     4,016.0000           27,153.0000     20,962.0703      4,822.0000           30,014.0000     20,962.0703      5,713.0000           33,176.0000     20,962.0703      6,699.0000           36,672.0000  0.1629  0.1629
59      23,627.0552    2,535.0000       16,737.0000     20,962.0703    2,761.0000       16,684.0000     20,962.0703     2,761.0000           16,684.0000     20,962.0703     3,266.0000           18,492.0000     20,962.0703     3,832.0000           20,520.0000     20,962.0703     2,774.0000           22,700.0000     20,962.0703     3,442.0000           25,091.0000     20,962.0703     4,182.0000           27,735.0000     20,962.0703      5,000.0000           30,657.0000     20,962.0703      5,906.0000           33,887.0000     20,962.0703      6,907.0000           37,457.0000  0.1655  0.1655
60      23,627.0552    2,648.0000       17,116.0000     20,962.0703    2,877.0000       17,062.0000     20,962.0703     2,877.0000           17,062.0000     20,962.0703     3,396.0000           18,910.0000     20,962.0703     3,980.0000           20,985.0000     20,962.0703     2,925.0000           23,213.0000     20,962.0703     3,614.0000           25,659.0000     20,962.0703     4,377.0000           28,363.0000     20,962.0703      5,220.0000           31,350.0000     20,962.0703      6,153.0000           34,654.0000     20,962.0703      7,185.0000           38,305.0000  0.1686  0.1686
61      23,603.4282    2,755.0000       17,483.0000     20,962.0703    2,984.0000       17,445.0000     20,962.0703     2,984.0000           17,445.0000     20,962.0703     3,515.0000           19,335.0000     20,962.0703     4,110.0000           21,456.0000     20,962.0703     3,069.0000           23,735.0000     20,962.0703     3,771.0000           26,236.0000     20,962.0703     4,547.0000           29,000.0000     20,962.0703      5,407.0000           32,055.0000     20,962.0703      6,359.0000           35,432.0000     20,962.0703      7,411.0000           39,165.0000  0.1711  0.1711
62      23,627.0552    2,848.0000       17,899.0000     20,962.0703    3,076.0000       17,843.0000     20,962.0703     3,076.0000           17,843.0000     20,962.0703     3,617.0000           19,776.0000     20,962.0703     4,225.0000           21,945.0000     20,962.0703     3,196.0000           24,276.0000     20,962.0703     3,914.0000           26,834.0000     20,962.0703     4,710.0000           29,661.0000     20,962.0703      5,589.0000           32,785.0000     20,962.0703      6,562.0000           36,240.0000     20,962.0703      7,638.0000           40,058.0000  0.1724  0.1724
63      23,627.0552    2,982.0000       18,319.0000     20,962.0703    3,209.0000       18,261.0000     20,962.0703     3,209.0000           18,261.0000     20,962.0703     3,764.0000           20,240.0000     20,962.0703     4,388.0000           22,460.0000     20,962.0703     3,379.0000           24,846.0000     20,962.0703     4,115.0000           27,463.0000     20,962.0703     4,928.0000           30,357.0000     20,962.0703      5,828.0000           33,555.0000     20,962.0703      6,823.0000           37,091.0000     20,962.0703      7,925.0000           40,998.0000  0.1757  0.1757
64      23,627.0552    3,099.0000       18,751.0000     20,962.0703    3,325.0000       18,693.0000     20,962.0703     3,325.0000           18,693.0000     20,962.0703     3,892.0000           20,718.0000     20,962.0703     4,529.0000           22,990.0000     20,962.0703     3,537.0000           25,432.0000     20,962.0703     4,289.0000           28,112.0000     20,962.0703     5,121.0000           31,073.0000     20,962.0703      6,041.0000           34,347.0000     20,962.0703      7,059.0000           37,966.0000     20,962.0703      8,185.0000           41,966.0000  0.1779  0.1779
65      23,627.0552    3,247.0000       19,210.0000     20,962.0703    3,474.0000       19,150.0000     20,962.0703     3,474.0000           19,150.0000     20,962.0703     4,059.0000           21,224.0000     20,962.0703     4,715.0000           23,552.0000     20,962.0703     3,735.0000           26,054.0000     20,962.0703     4,511.0000           28,799.0000     20,962.0703     5,368.0000           31,833.0000     20,962.0703      6,316.0000           35,187.0000     20,962.0703      7,366.0000           38,894.0000     20,962.0703      8,527.0000           42,992.0000  0.1814  0.1814
66      23,627.0552    3,334.0000       19,659.0000     20,962.0703    3,559.0000       19,597.0000     20,962.0703     3,559.0000           19,597.0000     20,962.0703     4,151.0000           21,721.0000     20,962.0703     4,815.0000           24,103.0000     20,962.0703     3,858.0000           26,663.0000     20,962.0703     4,642.0000           29,472.0000     20,962.0703     5,510.0000           32,578.0000     20,962.0703      6,470.0000           36,010.0000     20,962.0703      7,533.0000           39,804.0000     20,962.0703      8,710.0000           43,998.0000  0.1816  0.1816
67      23,627.0552    3,466.0000       20,109.0000     20,962.0703    3,690.0000       20,046.0000     20,962.0703     3,690.0000           20,046.0000     20,962.0703     4,297.0000           22,217.0000     20,962.0703     4,979.0000           24,654.0000     20,962.0703     4,040.0000           27,273.0000     20,962.0703     4,844.0000           30,146.0000     20,962.0703     5,734.0000           33,323.0000     20,962.0703      6,719.0000           36,833.0000     20,962.0703      7,809.0000           40,714.0000     20,962.0703      9,015.0000           45,004.0000  0.1841  0.1841
68      23,627.0552    3,611.0000       20,591.0000     20,962.0703    3,837.0000       20,526.0000     20,962.0703     3,837.0000           20,526.0000     20,962.0703     4,461.0000           22,750.0000     20,962.0703     5,160.0000           25,246.0000     20,962.0703     4,230.0000           27,927.0000     20,962.0703     5,057.0000           30,870.0000     20,962.0703     5,972.0000           34,122.0000     20,962.0703      6,984.0000           37,717.0000     20,962.0703      8,104.0000           41,691.0000     20,962.0703      9,344.0000           46,083.0000  0.1869  0.1869
69      23,627.0552    3,772.0000       21,124.0000     20,962.0703    3,996.0000       21,058.0000     20,962.0703     3,996.0000           21,058.0000     20,962.0703     4,636.0000           23,339.0000     20,962.0703     5,354.0000           25,899.0000     20,962.0703     4,449.0000           28,650.0000     20,962.0703     5,297.0000           31,669.0000     20,962.0703     6,235.0000           35,005.0000     20,962.0703      7,272.0000           38,693.0000     20,962.0703      8,420.0000           42,770.0000     20,962.0703      9,691.0000           47,276.0000  0.1898  0.1898
70      23,627.0552    3,943.0000       21,630.0000     20,962.0703    4,168.0000       21,562.0000     20,962.0703     4,168.0000           21,562.0000     20,962.0703     4,829.0000           23,898.0000     20,962.0703     5,570.0000           26,519.0000     20,962.0703     4,679.0000           29,336.0000     20,962.0703     5,555.0000           32,427.0000     20,962.0703     6,523.0000           35,843.0000     20,962.0703      7,595.0000           39,619.0000     20,962.0703      8,781.0000           43,794.0000     20,962.0703     10,093.0000           48,408.0000  0.1933  0.1933
71      23,627.0552    4,058.0000       22,171.0000     20,962.0703    4,282.0000       22,101.0000     20,962.0703     4,282.0000           22,101.0000     20,962.0703     4,954.0000           24,496.0000     20,962.0703     5,709.0000           27,182.0000     20,962.0703     4,846.0000           30,070.0000     20,962.0703     5,737.0000           33,238.0000     20,962.0703     6,722.0000           36,740.0000     20,962.0703      7,811.0000           40,610.0000     20,962.0703      9,018.0000           44,889.0000     20,962.0703     10,354.0000           49,619.0000  0.1937  0.1937
72      23,627.0552    4,228.0000       22,728.0000     20,962.0703    4,451.0000       22,657.0000     20,962.0703     4,451.0000           22,657.0000     20,962.0703     5,142.0000           25,111.0000     20,962.0703     5,918.0000           27,866.0000     20,962.0703     5,072.0000           30,826.0000     20,962.0703     5,989.0000           34,073.0000     20,962.0703     7,003.0000           37,663.0000     20,962.0703      8,125.0000           41,631.0000     20,962.0703      9,367.0000           46,018.0000     20,962.0703     10,744.0000           50,866.0000  0.1965  0.1965
73      23,627.0552    4,374.0000       23,287.0000     20,962.0703    4,600.0000       23,214.0000     20,962.0703     4,600.0000           23,214.0000     20,962.0703     5,307.0000           25,729.0000     20,962.0703     6,102.0000           28,551.0000     20,962.0703     5,278.0000           31,583.0000     20,962.0703     6,216.0000           34,911.0000     20,962.0703     7,255.0000           38,589.0000     20,962.0703      8,403.0000           42,654.0000     20,962.0703      9,675.0000           47,149.0000     20,962.0703     11,085.0000           52,116.0000  0.1982  0.1982
74      23,627.0552    4,543.0000       23,891.0000     20,962.0703    4,765.0000       23,816.0000     20,962.0703     4,765.0000           23,816.0000     20,962.0703     5,488.0000           26,396.0000     20,962.0703     6,301.0000           29,292.0000     20,962.0703     5,498.0000           32,403.0000     20,962.0703     6,458.0000           35,817.0000     20,962.0703     7,519.0000           39,590.0000     20,962.0703      8,694.0000           43,761.0000     20,962.0703      9,996.0000           48,372.0000     20,962.0703     11,448.0000           53,469.0000  0.2001  0.2001
75      23,627.0552    4,729.0000       24,500.0000     20,962.0703    4,950.0000       24,423.0000     20,962.0703     4,950.0000           24,423.0000     20,962.0703     5,694.0000           27,070.0000     20,962.0703     6,528.0000           30,039.0000     20,962.0703     5,754.0000           33,229.0000     20,962.0703     6,739.0000           36,730.0000     20,962.0703     7,829.0000           40,600.0000     20,962.0703      9,034.0000           44,877.0000     20,962.0703     10,369.0000           49,606.0000     20,962.0703     11,857.0000           54,832.0000  0.2027  0.2027
76      23,627.0552    4,957.0000       25,186.0000     20,962.0703    5,180.0000       25,107.0000     20,962.0703     5,180.0000           25,107.0000     20,962.0703     5,950.0000           27,827.0000     20,962.0703     6,816.0000           30,879.0000     20,962.0703     6,057.0000           34,159.0000     20,962.0703     7,080.0000           37,758.0000     20,962.0703     8,211.0000           41,736.0000     20,962.0703      9,462.0000           46,133.0000     20,962.0703     10,848.0000           50,994.0000     20,962.0703     12,389.0000           56,366.0000  0.2063  0.2063
77      23,627.0552    5,129.0000       25,907.0000     20,962.0703    5,351.0000       25,825.0000     20,962.0703     5,351.0000           25,825.0000     20,962.0703     6,140.0000           28,623.0000     20,962.0703     7,025.0000           31,763.0000     20,962.0703     6,302.0000           35,137.0000     20,962.0703     7,347.0000           38,839.0000     20,962.0703     8,504.0000           42,930.0000     20,962.0703      9,784.0000           47,453.0000     20,962.0703     11,205.0000           52,453.0000     20,962.0703     12,787.0000           57,980.0000  0.2072  0.2072
78      23,627.0552    5,355.0000       26,673.0000     20,962.0703    5,574.0000       26,589.0000     20,962.0703     5,574.0000           26,589.0000     20,962.0703     6,386.0000           29,470.0000     20,962.0703     7,298.0000           32,702.0000     20,962.0703     6,599.0000           36,176.0000     20,962.0703     7,675.0000           39,987.0000     20,962.0703     8,866.0000           44,200.0000     20,962.0703     10,184.0000           48,857.0000     20,962.0703     11,655.0000           54,005.0000     20,962.0703     13,291.0000           59,695.0000  0.2096  0.2096
79      23,627.0552    5,548.0000       27,518.0000     20,962.0703    5,768.0000       27,432.0000     20,962.0703     5,768.0000           27,432.0000     20,962.0703     6,600.0000           30,404.0000     20,962.0703     7,534.0000           33,739.0000     20,962.0703     6,871.0000           37,322.0000     20,962.0703     7,975.0000           41,254.0000     20,962.0703     9,196.0000           45,601.0000     20,962.0703     10,552.0000           50,405.0000     20,962.0703     12,071.0000           55,716.0000     20,962.0703     13,761.0000           61,586.0000  0.2103  0.2103
80      23,627.0552    5,803.0000       28,474.0000     20,962.0703    6,020.0000       28,385.0000     20,962.0703     6,020.0000           28,385.0000     20,962.0703     6,880.0000           31,461.0000     20,962.0703     7,845.0000           34,911.0000     20,962.0703     7,226.0000           38,620.0000     20,962.0703     8,365.0000           42,689.0000     20,962.0703     9,625.0000           47,186.0000     20,962.0703     11,028.0000           52,157.0000     20,962.0703     12,597.0000           57,653.0000     20,962.0703     14,345.0000           63,727.0000  0.2121  0.2121
81      23,627.0552    6,123.0000       29,520.0000     20,962.0703    6,334.0000       29,427.0000     20,962.0703     6,334.0000           29,427.0000     20,962.0703     7,228.0000           32,616.0000     20,962.0703     8,232.0000           36,193.0000     20,962.0703     7,643.0000           40,038.0000     20,962.0703     8,829.0000           44,256.0000     20,962.0703    10,141.0000           48,918.0000     20,962.0703     11,609.0000           54,072.0000     20,962.0703     13,244.0000           59,770.0000     20,962.0703     15,102.0000           66,067.0000  0.2152  0.2152
82      23,627.0552    6,412.0000       30,749.0000     20,962.0703    6,636.0000       30,653.0000     20,962.0703     6,636.0000           30,653.0000     20,962.0703     7,563.0000           33,974.0000     20,962.0703     8,604.0000           37,701.0000     20,962.0703     8,059.0000           41,705.0000     20,962.0703     9,291.0000           46,099.0000     20,962.0703    10,659.0000           50,956.0000     20,962.0703     12,191.0000           56,324.0000     20,962.0703     13,895.0000           62,259.0000     20,962.0703     15,921.0000           68,818.0000  0.2165  0.2165
83      23,627.0552    6,836.0000       32,119.0000     20,962.0703    7,053.0000       32,019.0000     20,962.0703     7,053.0000           32,019.0000     20,962.0703     8,029.0000           35,488.0000     20,962.0703     9,124.0000           39,381.0000     20,962.0703     8,631.0000           43,564.0000     20,962.0703     9,927.0000           48,153.0000     20,962.0703    11,370.0000           53,226.0000     20,962.0703     12,975.0000           58,834.0000     20,962.0703     14,777.0000           65,033.0000     20,962.0703     17,004.0000           71,885.0000  0.2203  0.2203
84      23,627.0552    7,243.0000       33,640.0000     20,962.0703    7,460.0000       33,535.0000     20,962.0703     7,460.0000           33,535.0000     20,962.0703     8,479.0000           37,169.0000     20,962.0703     9,623.0000           41,246.0000     20,962.0703     9,194.0000           45,627.0000     20,962.0703    10,550.0000           50,434.0000     20,962.0703    12,063.0000           55,747.0000     20,962.0703     13,745.0000           61,620.0000     20,962.0703     15,722.0000           68,113.0000     20,962.0703     18,114.0000           75,290.0000  0.2225  0.2225
85      23,627.0552    7,693.0000       35,316.0000     20,962.0703    7,910.0000       35,206.0000     20,962.0703     7,910.0000           35,206.0000     20,962.0703     8,979.0000           39,020.0000     20,962.0703    10,180.0000           43,300.0000     20,962.0703     9,809.0000           47,900.0000     20,962.0703    11,242.0000           52,946.0000     20,962.0703    12,840.0000           58,524.0000     20,962.0703     14,631.0000           64,690.0000     20,962.0703     16,843.0000           71,506.0000     20,962.0703     19,377.0000           79,040.0000  0.2247  0.2247
86      23,627.0552    8,238.0000       37,322.0000     20,962.0703    8,451.0000       37,206.0000     20,962.0703     8,451.0000           37,206.0000     20,962.0703     9,577.0000           41,237.0000     20,962.0703    10,848.0000           45,760.0000     20,962.0703    10,553.0000           50,621.0000     20,962.0703    12,072.0000           55,954.0000     20,962.0703    13,764.0000           61,849.0000     20,962.0703     15,765.0000           68,365.0000     20,962.0703     18,171.0000           75,569.0000     20,962.0703     20,849.0000           83,531.0000  0.2271  0.2271
87      23,627.0552    8,874.0000       39,548.0000     20,962.0703    9,089.0000       39,425.0000     20,962.0703     9,089.0000           39,425.0000     20,962.0703    10,288.0000           43,697.0000     20,962.0703    11,648.0000           48,490.0000     20,962.0703    11,441.0000           53,640.0000     20,962.0703    13,060.0000           59,292.0000     20,962.0703    14,891.0000           65,538.0000     20,962.0703     17,151.0000           72,443.0000     20,962.0703     19,715.0000           80,076.0000     20,962.0703     22,555.0000           88,513.0000  0.2305  0.2305
88      23,627.0552    9,493.0000       42,034.0000     20,962.0703    9,703.0000       41,904.0000     20,962.0703     9,703.0000           41,904.0000     20,962.0703    10,975.0000           46,444.0000     20,962.0703    12,426.0000           51,538.0000     20,962.0703    12,314.0000           57,012.0000     20,962.0703    14,036.0000           63,019.0000     20,962.0703    16,116.0000           69,658.0000     20,962.0703     18,564.0000           76,997.0000     20,962.0703     21,281.0000           85,110.0000     20,962.0703     24,294.0000           94,077.0000  0.2316  0.2316
89      23,627.0552   10,362.0000       44,917.0000     20,962.0703   10,577.0000       44,779.0000     20,962.0703    10,577.0000           44,779.0000     20,962.0703    11,951.0000           49,630.0000     20,962.0703    13,504.0000           55,074.0000     20,962.0703    13,493.0000           60,924.0000     20,962.0703    15,414.0000           67,342.0000     20,962.0703    17,757.0000           74,437.0000     20,962.0703     20,387.0000           82,279.0000     20,962.0703     23,307.0000           90,949.0000     20,962.0703     26,544.0000          100,531.0000  0.2362  0.2362
90      23,627.0552   11,429.0000       48,984.0000     20,962.0703   11,657.0000       48,834.0000     20,962.0703    11,657.0000           48,834.0000     20,962.0703    13,165.0000           54,124.0000     20,962.0703    14,861.0000           60,061.0000     20,962.0703    15,063.0000           66,441.0000     20,962.0703    17,355.0000           73,441.0000     20,962.0703    19,944.0000           81,178.0000     20,962.0703     22,814.0000           89,730.0000     20,962.0703     25,998.0000           99,185.0000     20,962.0703     29,533.0000          109,635.0000  0.2387  0.2387
91      23,627.0552   12,658.0000       53,557.0000     20,962.0703   12,889.0000       53,392.0000     20,962.0703    12,889.0000           53,392.0000     20,962.0703    14,532.0000           59,177.0000     20,962.0703    16,383.0000           65,668.0000     20,962.0703    16,994.0000           72,643.0000     20,962.0703    19,544.0000           80,296.0000     20,962.0703    22,377.0000           88,756.0000     20,962.0703     25,519.0000           98,106.0000     20,962.0703     29,007.0000          108,444.0000     20,962.0703     32,880.0000          119,869.0000  0.2414  0.2414
92      23,627.0552   14,153.0000       58,981.0000     20,962.0703   14,387.0000       58,801.0000     20,962.0703    14,387.0000           58,801.0000     20,962.0703    16,196.0000           65,172.0000     20,962.0703    18,233.0000           72,320.0000     20,962.0703    19,377.0000           80,002.0000     20,962.0703    22,190.0000           88,430.0000     20,962.0703    25,314.0000           97,747.0000     20,962.0703     28,785.0000          108,045.0000     20,962.0703     32,641.0000          119,430.0000     20,962.0703     36,978.0000          132,012.0000  0.2447  0.2447
93      23,627.0552   15,788.0000       65,436.0000     20,962.0703   16,035.0000       65,236.0000     20,962.0703    16,035.0000           65,236.0000     20,962.0703    18,044.0000           72,304.0000     20,962.0703    20,310.0000           80,234.0000     20,962.0703    22,085.0000           88,757.0000     20,962.0703    25,217.0000           98,108.0000     20,962.0703    28,697.0000          108,444.0000     20,962.0703     32,569.0000          119,869.0000     20,962.0703     36,931.0000          132,500.0000     20,962.0703     42,032.0000          146,459.0000  0.2458  0.2458
94      23,627.0552   18,050.0000       72,887.0000     20,962.0703   18,287.0000       72,664.0000     20,962.0703    18,287.0000           72,664.0000     20,962.0703    20,532.0000           80,537.0000     20,962.0703    23,067.0000           89,371.0000     20,962.0703    25,621.0000           98,864.0000     20,962.0703    29,137.0000          109,280.0000     20,962.0703    33,046.0000          120,793.0000     20,962.0703     37,467.0000          133,518.0000     20,962.0703     42,630.0000          147,587.0000     20,962.0703     48,384.0000          163,137.0000  0.2517  0.2517
95      23,627.0552   20,890.0000       82,673.0000     20,962.0703   21,128.0000       82,423.0000     20,962.0703    21,128.0000           82,423.0000     20,962.0703    23,695.0000           91,353.0000     20,962.0703    26,598.0000          101,373.0000     20,962.0703    30,186.0000          112,141.0000     20,962.0703    34,212.0000          123,956.0000     20,962.0703    38,830.0000          137,015.0000     20,962.0703     44,156.0000          151,449.0000     20,962.0703     50,069.0000          167,408.0000     20,962.0703     56,619.0000          185,046.0000  0.2563  0.2563
96      23,627.0552   24,884.0000       96,586.0000     20,962.0703   25,111.0000       96,299.0000     20,962.0703    25,111.0000           96,299.0000     20,962.0703    28,115.0000          106,732.0000     20,962.0703    31,506.0000          118,439.0000     20,962.0703    36,613.0000          131,019.0000     20,962.0703    41,589.0000          144,823.0000     20,962.0703    47,198.0000          160,081.0000     20,962.0703     53,408.0000          176,945.0000     20,962.0703     60,368.0000          195,590.0000     20,962.0703     68,276.0000          216,197.0000  0.2608  0.2608
97      23,627.0552   31,561.0000      120,319.0000     20,962.0703   31,812.0000      119,969.0000     20,962.0703    31,812.0000          119,969.0000     20,962.0703    35,686.0000          132,966.0000     20,962.0703    40,183.0000          147,551.0000     20,962.0703    48,152.0000          163,224.0000     20,962.0703    54,492.0000          180,420.0000     20,962.0703    61,625.0000          199,429.0000     20,962.0703     69,673.0000          220,438.0000     20,962.0703     78,668.0000          243,667.0000     20,962.0703     88,617.0000          269,339.0000  0.2652  0.2652
98      23,627.0552   47,072.0000      171,376.0000     20,962.0703   47,688.0000      170,918.0000     20,962.0703    47,688.0000          170,918.0000     20,962.0703    53,621.0000          189,435.0000     20,962.0703    60,392.0000          210,213.0000     20,962.0703    74,577.0000          232,542.0000     20,962.0703    84,068.0000          257,042.0000     20,962.0703    94,582.0000          284,123.0000     20,962.0703    106,207.0000          314,055.0000     20,962.0703    119,063.0000          347,148.0000     20,962.0703    133,274.0000          383,722.0000  0.2790  0.2790
99      23,650.6823  150,437.0000      488,886.0000     20,962.0703  151,183.0000      487,120.0000     20,962.0703   151,183.0000          487,120.0000     20,962.0703   168,715.0000          539,895.0000     20,962.0703   188,402.0000          599,113.0000     20,962.0703   236,015.0000          662,751.0000     20,962.0703   262,455.0000          732,576.0000     20,962.0703   291,682.0000          809,757.0000     20,962.0703    323,988.0000          895,064.0000     20,962.0703    359,708.0000          989,380.0000     20,962.0703    399,188.0000        1,093,618.0000  0.3104  0.3104
ALL  2,362,705.5241  543,184.0000    2,547,223.0000  2,096,207.0254  560,936.0000    2,539,169.0000  2,096,207.0254   560,936.0000        2,539,169.0000  2,096,207.0254   639,804.0000        2,814,264.0000  2,096,207.0254   729,257.0000        3,122,947.0000  2,096,207.0254   754,227.0000        3,454,666.0000  2,096,207.0254   865,512.0000        3,818,636.0000  2,096,207.0254   990,906.0000        4,220,950.0000  2,096,207.0254  1,131,959.0000        4,665,620.0000  2,096,207.0254  1,290,391.0000        5,157,255.0000  2,096,207.0254  1,468,031.0000        5,700,608.0000  0.2209  0.2209

